{
 "cells": [
  {
   "cell_type": "markdown",
   "metadata": {},
   "source": [
    "Import Libraries"
   ]
  },
  {
   "cell_type": "code",
   "execution_count": 36,
   "metadata": {},
   "outputs": [],
   "source": [
    "from pyvis.network import Network\n",
    "import networkx as nx\n",
    "import random\n",
    "from networkx.algorithms.community import greedy_modularity_communities\n",
    "from networkx.linalg.modularitymatrix import modularity_matrix, directed_modularity_matrix\n",
    "import numpy as np"
   ]
  },
  {
   "cell_type": "markdown",
   "metadata": {},
   "source": [
    "Create Helper Functions"
   ]
  },
  {
   "cell_type": "code",
   "execution_count": 37,
   "metadata": {},
   "outputs": [],
   "source": [
    "# recursive function that will traverse the nodes\n",
    "def createPaper(network, authors, probStop):\n",
    "    '''\n",
    "    Will take network, list of authors, and probStop as input\n",
    "    '''\n",
    "    currAuthorID = authors[-1]\n",
    "    newNeighbors = set(network.neighbors(currAuthorID)).difference(set(authors))\n",
    "\n",
    "    # base condition: stop at node if probStop hit or there are no new neighbors to traverse\n",
    "    if random.random() < probStop or len(newNeighbors) == 0:\n",
    "        return\n",
    "    \n",
    "    # create list reprsenting probabilities for the neighboring nodes of the current coauthor\n",
    "    probs = []\n",
    "    for neighbor in newNeighbors:\n",
    "        nData = network.get_edge_data(currAuthorID, neighbor)\n",
    "        probs.extend([neighbor] * nData[\"weight\"])\n",
    "\n",
    "    # Select coauthor from neighbors probabilities list\n",
    "    coauthorID = random.choice(probs)\n",
    "\n",
    "    # update all edges of coauthors to this new author\n",
    "    for author in authors:\n",
    "        # if there is not an edge, create one\n",
    "        if not network.has_edge(author, coauthorID) and author != coauthorID:\n",
    "            network.add_edge(author, coauthorID, weight=0, width=1)\n",
    "        newWeight = network.get_edge_data(author, coauthorID)[\"weight\"] + 1\n",
    "        #network.update(edges=[ (author, coauthorID, {\"weight\": newWeight, \"width\": newWeight//2}) ])\n",
    "        network.update(edges=[ (author, coauthorID, {\"weight\": newWeight}) ])\n",
    "\n",
    "    # call function recursively with coauthor\n",
    "    authors.append(coauthorID)\n",
    "    createPaper(network, authors, probStop)\n"
   ]
  },
  {
   "cell_type": "markdown",
   "metadata": {},
   "source": [
    "Define initial parameters"
   ]
  },
  {
   "cell_type": "code",
   "execution_count": 38,
   "metadata": {},
   "outputs": [],
   "source": [
    "# define time steps\n",
    "timeSteps = 15\n",
    "\n",
    "# Probabilities\n",
    "# probability that you generate new author\n",
    "probNewAuthor = 0.5\n",
    "# probability that you stop at a given node\n",
    "probStop = 0.7\n",
    "\n",
    "# define fields\n",
    "fieldColors = {\"CS\": \"blue\", \n",
    "                \"Math\": \"green\", \n",
    "                \"Physics\": \"red\"}\n",
    "fields = list(fieldColors.keys())\n",
    "\n",
    "# define initial scholars, will be in form (id, scholarField, color)\n",
    "scholarField = random.choice(fields)\n",
    "nodeID = 0\n"
   ]
  },
  {
   "cell_type": "markdown",
   "metadata": {},
   "source": [
    "Create Model"
   ]
  },
  {
   "cell_type": "code",
   "execution_count": 39,
   "metadata": {},
   "outputs": [],
   "source": [
    "network = nx.Graph()\n",
    "scholarField = random.choice(fields)\n",
    "network.add_node(nodeID, label=scholarField, color=fieldColors[scholarField])\n",
    "# go through time steps, add new scholar and paper at each step\n",
    "for i in range(1, timeSteps):\n",
    "\n",
    "    # Choose first author, either new scholar or random choice\n",
    "    currNodes = list(network.nodes())\n",
    "    authors = [random.choice(currNodes)]\n",
    "\n",
    "    # with probability, add new author to network set as main author with a coauthor\n",
    "    if random.random() < probNewAuthor:\n",
    "        # generate author and field\n",
    "        scholarField = random.choice(fields)\n",
    "        nodeID += 1\n",
    "        author = nodeID\n",
    "        network.add_node(author, label=scholarField, color=fieldColors[scholarField])\n",
    "\n",
    "        # generate random coauthor from currNodes, which doesn't have the new node added in\n",
    "        coauthorID = random.choice(currNodes)\n",
    "        network.add_edge(author, coauthorID, weight=1, width=1)\n",
    "\n",
    "        # update authors list\n",
    "        authors = [author, coauthorID]\n",
    "\n",
    "    # Add new paper, calling function\n",
    "    createPaper(network, authors, probStop)"
   ]
  },
  {
   "cell_type": "markdown",
   "metadata": {},
   "source": [
    "Display Network"
   ]
  },
  {
   "cell_type": "code",
   "execution_count": 40,
   "metadata": {},
   "outputs": [
    {
     "name": "stdout",
     "output_type": "stream",
     "text": [
      "[(0, 1, {'weight': 4, 'width': 1}), (0, 2, {'weight': 3, 'width': 1}), (0, 6, {'weight': 1, 'width': 1}), (0, 7, {'weight': 1, 'width': 1}), (0, 3, {'weight': 1, 'width': 1}), (0, 8, {'weight': 1, 'width': 1}), (1, 2, {'weight': 2, 'width': 1}), (1, 3, {'weight': 2, 'width': 1}), (1, 5, {'weight': 1, 'width': 1}), (1, 6, {'weight': 1, 'width': 1}), (2, 5, {'weight': 1, 'width': 1}), (2, 7, {'weight': 1, 'width': 1}), (3, 4, {'weight': 1, 'width': 1})]\n"
     ]
    }
   ],
   "source": [
    "nt = Network()\n",
    "# populates the nodes and edges data structures\n",
    "nt.from_nx(network)\n",
    "print(network.edges.data())\n",
    "nt.show('docs/models/modularity.html')"
   ]
  },
  {
   "cell_type": "markdown",
   "metadata": {},
   "source": [
    "### Show modularity communities"
   ]
  },
  {
   "cell_type": "code",
   "execution_count": 41,
   "metadata": {},
   "outputs": [
    {
     "name": "stdout",
     "output_type": "stream",
     "text": [
      "[frozenset({0, 8, 6, 7}), frozenset({1, 2, 5}), frozenset({3, 4})]\n",
      "[[-1.38461538 -0.15384615  0.07692308  0.30769231 -0.23076923 -0.46153846\n",
      "   0.53846154  0.53846154  0.76923077]\n",
      " [-0.15384615 -0.96153846  0.23076923  0.42307692 -0.19230769  0.61538462\n",
      "   0.61538462 -0.38461538 -0.19230769]\n",
      " [ 0.07692308  0.23076923 -0.61538462 -0.46153846 -0.15384615  0.69230769\n",
      "  -0.30769231  0.69230769 -0.15384615]\n",
      " [ 0.30769231  0.42307692 -0.46153846 -0.34615385  0.88461538 -0.23076923\n",
      "  -0.23076923 -0.23076923 -0.11538462]\n",
      " [-0.23076923 -0.19230769 -0.15384615  0.88461538 -0.03846154 -0.07692308\n",
      "  -0.07692308 -0.07692308 -0.03846154]\n",
      " [-0.46153846  0.61538462  0.69230769 -0.23076923 -0.07692308 -0.15384615\n",
      "  -0.15384615 -0.15384615 -0.07692308]\n",
      " [ 0.53846154  0.61538462 -0.30769231 -0.23076923 -0.07692308 -0.15384615\n",
      "  -0.15384615 -0.15384615 -0.07692308]\n",
      " [ 0.53846154 -0.38461538  0.69230769 -0.23076923 -0.07692308 -0.15384615\n",
      "  -0.15384615 -0.15384615 -0.07692308]\n",
      " [ 0.76923077 -0.19230769 -0.15384615 -0.11538462 -0.03846154 -0.07692308\n",
      "  -0.07692308 -0.07692308 -0.03846154]]\n"
     ]
    }
   ],
   "source": [
    "communities = greedy_modularity_communities(network)\n",
    "print(communities)\n",
    "matrix = modularity_matrix(network)\n",
    "print(matrix)"
   ]
  },
  {
   "cell_type": "code",
   "execution_count": 46,
   "metadata": {},
   "outputs": [
    {
     "name": "stdout",
     "output_type": "stream",
     "text": [
      "1.1482942981418913\n",
      "(array([4]),)\n",
      "[[ 0.20613509 -0.11532401  0.09777809  0.6155276   0.48875356  0.20246698\n",
      "   0.40372981 -0.27233686  0.27438854]]\n"
     ]
    }
   ],
   "source": [
    "# get eigenvalues and vectors of matrix\n",
    "eVals, eVects = np.linalg.eig(matrix)\n",
    "\n",
    "# find indices of largest eigenvalue, get corresponding eigenvector\n",
    "maxEval = max(eVals)\n",
    "print(maxEval)\n",
    "index = np.where(eVals == maxEval)\n",
    "print(index)\n",
    "maxEvect = eVects[index]\n",
    "print(maxEvect)\n",
    "\n",
    "# if no positive eigenvalue, then cannot divide network further because it will not improve modularity"
   ]
  }
 ],
 "metadata": {
  "interpreter": {
   "hash": "aee8b7b246df8f9039afb4144a1f6fd8d2ca17a180786b69acc140d282b71a49"
  },
  "kernelspec": {
   "display_name": "Python 3.9.2 64-bit",
   "language": "python",
   "name": "python3"
  },
  "language_info": {
   "codemirror_mode": {
    "name": "ipython",
    "version": 3
   },
   "file_extension": ".py",
   "mimetype": "text/x-python",
   "name": "python",
   "nbconvert_exporter": "python",
   "pygments_lexer": "ipython3",
   "version": "3.9.2"
  },
  "orig_nbformat": 4
 },
 "nbformat": 4,
 "nbformat_minor": 2
}
